kinematics:
  shoulder:
    x: 0
    y: 0
    z: 0.15195501234531678
    roll: -0
    pitch: 0
    yaw: -2.2231769167182366e-07
  upper_arm:
    x: -4.6293714269228174e-05
    y: 0
    z: 0
    roll: 1.5716204984808295
    pitch: 0
    yaw: -5.6782411217426443e-08
  forearm:
    x: -0.2438072053232902
    y: 0
    z: 0
    roll: 0.00021507088632088397
    pitch: 0.00017587168802513128
    yaw: -5.7683607877932784e-06
  wrist_1:
    x: -0.21325957707061105
    y: -0.00038864403332832193
    z: 0.13120530188486493
    roll: 0.0029620974997767312
    pitch: 0.0012776961176319476
    yaw: -1.4083663929595797e-06
  wrist_2:
    x: 5.2910520073268806e-05
    y: -0.085470991146070388
    z: -1.9504648555138517e-05
    roll: 1.571024528760909
    pitch: 0
    yaw: -2.2851419240969145e-07
  wrist_3:
    x: -6.038560404324248e-05
    y: 0.092078530717084425
    z: -0.00015012064798346865
    roll: 1.5691659737277386
    pitch: 3.1415926535897931
    yaw: -3.1415926002381434
  hash: calib_17631885210451909560