kinematics:
  shoulder:
    x: 0
    y: 0
    z: 0.15196776745634907
    roll: -0
    pitch: 0
    yaw: -6.5573629610959916e-07
  upper_arm:
    x: -0.00011809974592895328
    y: 0
    z: 0
    roll: 1.5698880301651101
    pitch: 0
    yaw: -1.1420792544569737e-05
  forearm:
    x: -0.24376106660785585
    y: 0
    z: 0
    roll: 0.0054342505954931676
    pitch: 0.0011757488274297778
    yaw: -1.1644652594693146e-05
  wrist_1:
    x: -0.21327670724264175
    y: -0.00049958054944016948
    z: 0.13151618419415459
    roll: 0.0037986058492751667
    pitch: 0.0015303273177414197
    yaw: 2.0050977165353304e-07
  wrist_2:
    x: 7.0961692648225451e-05
    y: -0.085430604856625306
    z: -9.138146226204918e-05
    roll: 1.5718659835948638
    pitch: 0
    yaw: 2.1711804736689388e-05
  wrist_3:
    x: -0.0001097290866919309
    y: 0.092014913672134366
    z: -0.00016833788755265242
    roll: 1.5689668657539666
    pitch: 3.1415926535897931
    yaw: 3.1415925436926093
  hash: calib_740188935520237659