# Hand-eye calibration: tool0 -> camera_color_optical_frame
# Generated by easy_handeye2, eye_in_hand on UR3e + RealSense D435
translation:
  x: 0.07035858523181109
  y: -0.03786070717680278
  z: 0.03091576198336038
rotation:
  x: -0.006237947432436568
  y: -0.0006472618464794522
  z: 0.6941468239226309
  w: 0.7198061238292268
