# oST version 5.0 parameters


[image]

width
640

height
480

[narrow_stereo]

camera matrix
814.718336 0.000000 401.741692
0.000000 807.074769 249.550219
0.000000 0.000000 1.000000

distortion
0.274329 -0.002899 0.004162 0.038260 0.000000

rectification
1.000000 0.000000 0.000000
0.000000 1.000000 0.000000
0.000000 0.000000 1.000000

projection
850.783203 0.000000 409.453834 0.000000
0.000000 855.253296 249.657570 0.000000
0.000000 0.000000 1.000000 0.000000
