image_width: 640
image_height: 480
camera_name: narrow_stereo
camera_matrix:
  rows: 3
  cols: 3
  data: [814.71834,   0.     , 401.74169,
           0.     , 807.07477, 249.55022,
           0.     ,   0.     ,   1.     ]
distortion_model: plumb_bob
distortion_coefficients:
  rows: 1
  cols: 5
  data: [0.274329, -0.002899, 0.004162, 0.038260, 0.000000]
rectification_matrix:
  rows: 3
  cols: 3
  data: [1., 0., 0.,
         0., 1., 0.,
         0., 0., 1.]
projection_matrix:
  rows: 3
  cols: 4
  data: [850.7832 ,   0.     , 409.45383,   0.     ,
           0.     , 855.2533 , 249.65757,   0.     ,
           0.     ,   0.     ,   1.     ,   0.     ]
